65  64  63  62  61  60  59  58  57
66  37  36  35  34  33  32  31  56
67  38  17  16  15  14  13  30  55
68  39  18   5   4   3  12  29  54
69  40  19   6   1   2  11  28  53
70  41  20   7   8   9  10  27  52
71  42  21  22  23  24  25  26  51
72  43  44  45  46  47  48  49  50
73  74  75  76  77  78  79  80  81 ...


Layer 0
  1:  (    0,    0    )


Layer 1
  2:  (    1,    0    )    (1)
  3:  (    1,   -1    )    (2)

  4:  (    0,   -1    )    (3)
  5:  (   -1,   -1    )    (4)

  6:  (   -1,    0    )    (5)
  7:  (   -1,    1    )    (6)

  8:  (    0,    1    )    (7)
  9:  (    1,    1    )    (8)


Layer 2
 10:  (    2,    1    )    (1)
 11:  (    2,    0    )    (2)
 12:  (    2,   -1    )    (3)
 13:  (    2,   -2    )    (4)

 14:  (    1,   -2    )    (5)
 15:  (    0,   -2    )    (6)
 16:  (   -1,   -2    )    (7)
 17:  (   -2,   -2    )    (8)

 18:  (   -2,   -1    )    (9)
 19:  (   -2,    0    )   (10)
 20:  (   -2,    1    )   (11)
 21:  (   -2,    2    )   (12)

 22:  (   -1,    2    )   (13)
 23:  (    0,    2    )   (14)
 24:  (    1,    2    )   (15)
 25:  (    2,    2    )   (16)


Layer 3
 26:  (    3,    2    )    (1)
 27:  (    3,    1    )    (2)
 28:  (    3,    0    )    (3)
 29:  (    3,   -1    )    (4)
 30:  (    3,   -2    )    (5)
 31:  (    3,   -3    )    (6)

 32:  (    2,   -3    )    (7)
 33:  (    1,   -3    )    (8)
 34:  (    0,   -3    )    (9)
 35:  (   -1,   -3    )   (10)
 36:  (   -2,   -3    )   (11)
 37:  (   -3,   -3    )   (12)

 38:  (   -3,   -2    )   (13)
 39:  (   -3,   -1    )   (14)
 40:  (   -3,    0    )   (15)
 41:  (   -3,    1    )   (16)
 42:  (   -3,    2    )   (17)
 43:  (   -3,    3    )   (18)

 44:  (   -2,    3    )   (19)
 45:  (   -1,    3    )   (20)
 46:  (    0,    3    )   (21)
 47:  (    1,    3    )   (22)
 48:  (    2,    3    )   (23)
 49:  (    3,    3    )   (24)


Layer 4
 50:  (    4,    3    )    (1)
 51:  (    4,    2    )    (2)
 52:  (    4,    1    )    (3)
 53:  (    4,    0    )    (4)
 54:  (    4,   -1    )    (5)
 55:  (    4,   -2    )    (6)
 56:  (    4,   -3    )    (7)
 57:  (    4,   -4    )    (8)

 58:  (    3,   -4    )    (9)
 59:  (    2,   -4    )   (10)
 60:  (    1,   -4    )   (11)
 61:  (    0,   -4    )   (12)
 62:  (   -1,   -4    )   (13)
 63:  (   -2,   -4    )   (14)
 64:  (   -3,   -4    )   (15)
 65:  (   -4,   -4    )   (16)

 66:  (   -4,   -3    )   (17)
 67:  (   -4,   -2    )   (18)
 68:  (   -4,   -1    )   (19)
 69:  (   -4,    0    )   (20)
 70:  (   -4,    1    )   (21)
 71:  (   -4,    2    )   (22)
 72:  (   -4,    3    )   (23)
 73:  (   -4,    4    )   (24)

 74:  (   -3,    4    )   (25)
 75:  (   -2,    4    )   (26)
 76:  (   -1,    4    )   (27)
 77:  (    0,    4    )   (28)
 78:  (    1,    4    )   (29)
 79:  (    2,    4    )   (30)
 80:  (    3,    4    )   (31)
 81:  (    4,    4    )   (32)



Layer 5
 82:  (    5,    4    )    (1)
 83:  (    5,    3    )    (2)
 84:  (    5,    2    )    (3)
 85:  (    5,    1    )    (4)
 86:  (    5,    0    )    (5)
 87:  (    5,   -1    )    (6)
 88:  (    5,   -2    )    (7)
 89:  (    5,   -3    )    (8)
 90:  (    5,   -4    )    (9)
 91:  (    5,   -5    )   (10)

 92:  (    4,   -5    )   (11)
 93:  (    3,   -5    )   (12)
 94:  (    2,   -5    )   (13)
 95:  (    1,   -5    )   (14)
 96:  (    0,   -5    )   (15)
 97:  (   -1,   -5    )   (16)
 98:  (   -2,   -5    )   (17)
 99:  (   -3,   -5    )   (18)
100:  (   -4,   -5    )   (19)
101:  (   -5,   -5    )   (20)

102:  (   -5,   -4    )   (21)
103:  (   -5,   -3    )   (22)
104:  (   -5,   -2    )   (23)
105:  (   -5,   -1    )   (24)
106:  (   -5,    0    )   (25)
107:  (   -5,    1    )   (26)
108:  (   -5,    2    )   (27)
109:  (   -5,    3    )   (28)
110:  (   -5,    4    )   (29)
111:  (   -5,    5    )   (30)

112:  (   -4,    5    )   (31)
113:  (   -3,    5    )   (32)
114:  (   -2,    5    )   (33)
115:  (   -1,    5    )   (34)
116:  (    0,    5    )   (35)
117:  (    1,    5    )   (36)
118:  (    2,    5    )   (37)
119:  (    3,    5    )   (38)
120:  (    4,    5    )   (39)
121:  (    5,    5    )   (40)
